1684275677.2466645,0.02,0.02
1684275677.2678516,0.04,0.04
1684275677.2888007,0.06,0.06
1684275677.320391,0.08,0.08
1684275677.3504972,0.1,0.1
1684275677.3748205,0.12000000000000001,0.12000000000000001
1684275677.4087498,0.14,0.14
1684275677.4345114,0.16,0.16
1684275677.4549015,0.18,0.18
1684275677.476129,0.19999999999999998,0.19999999999999998
1684275677.496504,0.21999999999999997,0.21999999999999997
1684275677.5269227,0.23999999999999996,0.23999999999999996
1684275677.5490499,0.25999999999999995,0.25999999999999995
1684275677.571886,0.27999999999999997,0.27999999999999997
1684275677.592018,0.3,0.3
1684275677.6123037,0.32,0.32
1684275677.6334305,0.34,0.34
1684275677.6538255,0.36000000000000004,0.36000000000000004
1684275677.674905,0.38000000000000006,0.38000000000000006
1684275677.6952624,0.4000000000000001,0.4000000000000001
1684275677.7156148,0.4200000000000001,0.4200000000000001
1684275677.7364721,0.4400000000000001,0.4400000000000001
1684275677.7569761,0.46000000000000013,0.46000000000000013
1684275677.7782023,0.48000000000000015,0.48000000000000015
1684275677.799387,0.5000000000000001,0.5000000000000001
1684275677.819705,0.5200000000000001,0.5200000000000001
1684275677.8402479,0.5400000000000001,0.5400000000000001
1684275677.8603878,0.5600000000000002,0.5600000000000002
1684275677.8809695,0.5800000000000002,0.5800000000000002
1684275677.9023848,0.6000000000000002,0.6000000000000002
1684275677.923419,0.6200000000000002,0.6200000000000002
1684275677.9443915,0.6400000000000002,0.6400000000000002
1684275677.9648283,0.6600000000000003,0.6600000000000003
1684275677.985174,0.6800000000000003,0.6800000000000003
1684275678.005779,0.7000000000000003,0.7000000000000003
1684275678.0273435,0.7200000000000003,0.7200000000000003
1684275678.048439,0.7400000000000003,0.7400000000000003
1684275678.0690277,0.7600000000000003,0.7600000000000003
1684275678.089393,0.7800000000000004,0.7800000000000004
1684275678.109765,0.8000000000000004,0.8000000000000004
1684275678.1301794,0.8200000000000004,0.8200000000000004
1684275678.15072,0.8400000000000004,0.8400000000000004
1684275678.1715748,0.8600000000000004,0.8600000000000004
1684275678.1923487,0.8800000000000004,0.7708913122585583
1684275678.2127757,0.9000000000000005,0.7839400616218394
1684275678.233516,0.9200000000000005,0.7969888109851204
1684275678.2546506,0.9400000000000005,0.8100375603484015
1684275678.2763162,0.9600000000000005,0.8230863097116825
1684275678.2973135,0.9800000000000005,0.8361350590749635
1684275678.3184245,1.0000000000000004,0.8491838084382446
1684275678.3390543,1.0200000000000005,0.8622325578015256
1684275678.3604782,1.0400000000000005,0.8752813071648067
1684275678.38162,1.0600000000000005,0.8883300565280877
1684275678.4021964,1.0800000000000005,0.9013788058913688
1684275678.4224882,1.1000000000000005,0.9144275552546498
1684275678.443031,1.1200000000000006,0.9274763046179308
1684275678.4639585,1.1400000000000006,0.9405250539812119
1684275678.484774,1.1600000000000006,0.9535738033444929
1684275678.5056748,1.1800000000000006,0.966622552707774
1684275678.5269454,1.2000000000000006,0.979671302071055
1684275678.5473742,1.2200000000000006,0.9927200514343361
1684275678.568608,1.2400000000000007,1.005768800797617
1684275678.5892222,1.2600000000000007,1.018817550160898
1684275678.6103823,1.2800000000000007,1.031866299524179
1684275678.6322124,1.3000000000000007,1.04491504888746
1684275678.6526816,1.3200000000000007,1.0579637982507408
1684275678.6736188,1.3400000000000007,1.0710125476140218
1684275678.6942596,1.3600000000000008,1.0840612969773027
1684275678.7163012,1.3800000000000008,0.9820493757531448
1684275678.737352,1.4000000000000008,0.9862341490709732
1684275678.757722,1.4200000000000008,0.9904189223888016
1684275678.7791996,1.4400000000000008,0.99460369570663
1684275678.800381,1.4600000000000009,0.9987884690244584
1684275678.8218424,1.4800000000000009,1.0029732423422868
1684275678.842571,1.5000000000000009,1.0071580156601152
1684275678.8639073,1.520000000000001,1.0113427889779436
1684275678.8852005,1.540000000000001,1.015527562295772
1684275678.9056025,1.560000000000001,1.0197123356136004
1684275678.9262834,1.580000000000001,1.0238971089314288
1684275678.9469407,1.600000000000001,1.0280818822492572
1684275678.9683104,1.620000000000001,1.0322666555670856
1684275678.9884653,1.640000000000001,1.036451428884914
1684275679.0089579,1.660000000000001,1.0406362022027424
1684275679.0294642,1.680000000000001,1.0448209755205708
1684275679.0507872,1.700000000000001,1.0490057488383993
1684275679.0711198,1.720000000000001,1.0531905221562277
1684275679.0918894,1.740000000000001,1.057375295474056
1684275679.112207,1.7600000000000011,1.0615600687918845
1684275679.1329951,1.7800000000000011,1.0657448421097129
1684275679.1538255,1.8000000000000012,1.0699296154275413
1684275679.175218,1.8200000000000012,1.0741143887453697
1684275679.1958718,1.8400000000000012,0.9641764826810794
1684275679.2163172,1.8600000000000012,0.9592438364817026
1684275679.2368221,1.8800000000000012,0.9543111902823259
1684275679.2601457,1.9000000000000012,0.9493785440829492
1684275679.2846026,1.9200000000000013,0.9444458978835725
1684275679.306081,1.9400000000000013,0.9395132516841957
1684275679.3307862,1.9600000000000013,0.934580605484819
1684275679.3513167,1.9800000000000013,0.9296479592854423
1684275679.3727903,2.0000000000000013,0.9247153130860656
1684275679.3930633,2.0200000000000014,0.9197826668866889
1684275679.4145846,2.0400000000000014,0.9148500206873121
1684275679.4403303,2.0600000000000014,0.9099173744879354
1684275679.4617782,2.0800000000000014,0.9049847282885587
1684275679.484524,2.1000000000000014,0.900052082089182
1684275679.5054193,2.1200000000000014,0.8951194358898052
1684275679.5264814,2.1400000000000015,0.8901867896904285
1684275679.5482023,2.1600000000000015,0.8852541434910518
1684275679.5715032,2.1800000000000015,0.8803214972916751
1684275679.592302,2.2000000000000015,0.8753888510922984
1684275679.6145675,2.2200000000000015,0.8704562048929216
1684275679.635929,2.2400000000000015,0.8655235586935449
1684275679.6578982,2.2600000000000016,0.8605909124941682
1684275679.6789215,2.2800000000000016,0.8556582662947915
1684275679.7004714,2.3000000000000016,0.8507256200954147
1684275679.7211654,2.3200000000000016,0.7323796917511226
1684275679.7413266,2.3400000000000016,0.7190541713255261
1684275679.761474,2.3600000000000017,0.7057286508999295
1684275679.783145,2.3800000000000017,0.692403130474333
1684275679.8048413,2.4000000000000017,0.6790776100487365
1684275679.825939,2.4200000000000017,0.6657520896231399
1684275679.8467004,2.4400000000000017,0.6524265691975434
1684275679.869505,2.4600000000000017,0.6391010487719468
1684275679.8919096,2.4800000000000018,0.6257755283463503
1684275679.9130518,2.5000000000000018,0.6124500079207538
1684275679.936266,2.520000000000002,0.5991244874951572
1684275679.9564087,2.540000000000002,0.5857989670695607
1684275679.9772131,2.560000000000002,0.5724734466439642
1684275680.0001287,2.580000000000002,0.5591479262183676
1684275680.0210307,2.600000000000002,0.5458224057927711
1684275680.0441902,2.620000000000002,0.5324968853671745
1684275680.06588,2.640000000000002,0.519171364941578
1684275680.0879369,2.660000000000002,0.5058458445159815
1684275680.1128075,2.680000000000002,0.492520324090385
1684275680.1341412,2.700000000000002,0.4791948036647885
1684275680.1548378,2.720000000000002,0.465869283239192
1684275680.1787095,2.740000000000002,0.45254376281359554
1684275680.200086,2.760000000000002,0.43921824238799906
1684275680.2218118,2.780000000000002,0.4258927219624026
1684275680.2425914,2.800000000000002,0.4125672015368061
1684275680.2629104,2.820000000000002,0.3992416811112096
1684275680.2849052,2.840000000000002,0.38591616068561313
1684275680.3065507,2.860000000000002,0.37259064026001665
1684275680.3289728,2.880000000000002,0.35926511983442017
1684275680.351957,2.900000000000002,0.23929976341314915
1684275680.3721073,2.920000000000002,0.21998017716518964
1684275680.3926728,2.940000000000002,0.20066059091723012
1684275680.4145498,2.960000000000002,0.1813410046692706
1684275680.4355996,2.980000000000002,0.1620214184213111
1684275680.4562626,3.000000000000002,0.14270183217335158
1684275680.4765697,3.0200000000000022,0.12338224592539207
1684275680.498709,3.0400000000000023,0.10406265967743256
1684275680.5215335,3.0600000000000023,0.08474307342947304
1684275680.5438366,3.0800000000000023,0.06542348718151353
1684275680.5644267,3.1000000000000023,0.04610390093355402
1684275680.5854797,3.1200000000000023,0.026784314685594515
1684275680.6056964,3.1400000000000023,0.007464728437635008
1684275680.6258557,3.1600000000000024,-0.011854857810324498
1684275680.646239,3.1800000000000024,-0.031174444058284005
1684275680.6673954,3.2000000000000024,-0.05049403030624351
1684275680.688237,3.2200000000000024,-0.06981361655420301
1684275680.7085617,3.2400000000000024,-0.08913320280216253
1684275680.729479,3.2600000000000025,-0.10845278905012204
1684275680.7500951,3.2800000000000025,-0.12777237529808155
1684275680.7714322,3.3000000000000025,-0.14709196154604107
1684275680.7927303,3.3200000000000025,-0.16641154779400058
1684275680.813117,3.3400000000000025,-0.1857311340419601
1684275680.8335912,3.3600000000000025,-0.2050507202899196
1684275680.853917,3.3800000000000026,-0.22437030653787912
1684275680.874416,3.4000000000000026,-0.24368989278583864
1684275680.8949592,3.4200000000000026,-0.2630094790337981
1684275680.9152913,3.4400000000000026,-0.2823290652817576
1684275680.9362783,3.4600000000000026,-0.3016486515297171
1684275680.9567797,3.4800000000000026,-0.3209682377776766
1684275680.9776828,3.5000000000000027,-0.34028782402563607
1684275680.9980001,3.5200000000000027,-0.35960741027359555
1684275681.0186503,3.5400000000000027,-0.37892699652155504
1684275681.0397053,3.5600000000000027,-0.3982465827695145
1684275681.0599172,3.5800000000000027,-0.417566169017474
1684275681.0801914,3.6000000000000028,-0.4368857552654335
1684275681.101172,3.6200000000000028,-0.456205341513393
1684275681.1213899,3.640000000000003,-0.47552492776135247
1684275681.1417446,3.660000000000003,-0.49484451400931195
1684275681.162534,3.680000000000003,-0.5141641002572714
1684275681.1835458,3.700000000000003,-0.5334836865052309
1684275681.2041297,3.720000000000003,-0.5528032727531904
1684275681.2284548,3.740000000000003,-0.5721228590011499
1684275681.2487898,3.760000000000003,-0.5914424452491094
1684275681.269581,3.780000000000003,-0.6107620314970689
1684275681.2906587,3.800000000000003,-0.6300816177450284
1684275681.310929,3.820000000000003,-0.6494012039929878
1684275681.3312025,3.840000000000003,-0.6687207902409473
1684275681.3514771,3.860000000000003,-0.6880403764889068
1684275681.3721392,3.880000000000003,-0.7073599627368663
1684275681.3923488,3.900000000000003,-0.7266795489848258
1684275681.412974,3.920000000000003,-0.7459991352327853
1684275681.4339921,3.940000000000003,-0.7653187214807448
1684275681.4546685,3.960000000000003,-0.7846383077287042
1684275681.475935,3.980000000000003,-0.8039578939766637
1684275681.4967449,4.000000000000003,-0.8232774802246232
1684275681.5171316,4.020000000000002,-0.8425970664725827
1684275681.5381296,4.040000000000002,-0.8619166527205422
1684275681.5590363,4.060000000000001,-0.8812362389685017
1684275681.5791926,4.080000000000001,-0.9005558252164612
1684275681.600548,4.1000000000000005,-0.9198754114644206
1684275681.6214888,4.12,-0.8297735899950762
1684275681.6429634,4.14,-0.8412700689257416
1684275681.6634169,4.159999999999999,-0.852766547856407
1684275681.6839714,4.179999999999999,-0.8642630267870725
1684275681.7069647,4.199999999999998,-0.8757595057177379
1684275681.7272723,4.219999999999998,-0.8872559846484033
1684275681.7477436,4.2399999999999975,-0.8987524635790687
1684275681.7680826,4.259999999999997,-0.9102489425097341
1684275681.794907,4.279999999999997,-0.9217454214403995
1684275681.8180273,4.299999999999996,-0.9332419003710649
1684275681.8391507,4.319999999999996,-0.9447383793017303
1684275681.8604894,4.339999999999995,-0.9562348582323957
1684275681.8806531,4.359999999999995,-0.9677313371630611
1684275681.9013524,4.379999999999995,-0.9792278160937266
1684275681.9218557,4.399999999999994,-0.990724295024392
1684275681.9420884,4.419999999999994,-1.0022207739550573
1684275681.9630518,4.439999999999993,-1.0137172528857226
1684275681.984138,4.459999999999993,-1.0252137318163879
1684275682.0049953,4.479999999999992,-1.0367102107470532
1684275682.0257845,4.499999999999992,-1.0482066896777185
1684275682.0468903,4.519999999999992,-1.0597031686083838
1684275682.0675867,4.539999999999991,-1.071199647539049
1684275682.0883234,4.559999999999991,-1.0826961264697144
1684275682.1085064,4.57999999999999,-1.0941926054003797
1684275682.1294243,4.59999999999999,-0.9938894228993692
1684275682.1498818,4.6199999999999894,-0.9965294747464728
1684275682.1721895,4.639999999999989,-0.9991695265935764
1684275682.1929982,4.659999999999989,-1.00180957844068
1684275682.2136047,4.679999999999988,-1.0044496302877837
1684275682.2351782,4.699999999999988,-1.0070896821348874
1684275682.2648177,4.719999999999987,-1.009729733981991
1684275682.2864726,4.739999999999987,-1.0123697858290948
1684275682.3094633,4.7599999999999865,-1.0150098376761985
1684275682.3304832,4.779999999999986,-1.0176498895233022
1684275682.3533583,4.799999999999986,-1.0202899413704059
1684275682.3745027,4.819999999999985,-1.0229299932175095
1684275682.3965485,4.839999999999985,-1.0255700450646132
1684275682.4177122,4.859999999999984,-1.028210096911717
1684275682.4407218,4.879999999999984,-1.0308501487588206
1684275682.463999,4.8999999999999835,-1.0334902006059243
1684275682.4886444,4.919999999999983,-1.036130252453028
1684275682.5092182,4.939999999999983,-1.0387703043001317
1684275682.5324564,4.959999999999982,-1.0414103561472354
1684275682.5563564,4.979999999999982,-1.0440504079943391
1684275682.576917,4.999999999999981,-1.0466904598414428
1684275682.6003168,5.019999999999981,-1.0493305116885465
1684275682.62262,5.0399999999999805,-1.0519705635356502
1684275682.643718,5.05999999999998,-0.9403781350076211
1684275682.6641738,5.07999999999998,-0.9339424944226271
1684275682.6850674,5.099999999999979,-0.9275068538376331
1684275682.707866,5.119999999999979,-0.9210712132526391
1684275682.732951,5.139999999999978,-0.9146355726676451
1684275682.7536137,5.159999999999978,-0.908199932082651
1684275682.7743452,5.1799999999999775,-0.901764291497657
1684275682.7947688,5.199999999999977,-0.895328650912663
1684275682.8173168,5.219999999999977,-0.888893010327669
1684275682.8424714,5.239999999999976,-0.882457369742675
1684275682.8638139,5.259999999999976,-0.876021729157681
1684275682.8849368,5.279999999999975,-0.8695860885726869
1684275682.9057047,5.299999999999975,-0.8631504479876929
1684275682.9268227,5.3199999999999745,-0.8567148074026989
1684275682.947398,5.339999999999974,-0.8502791668177049
1684275682.9682417,5.359999999999974,-0.8438435262327109
1684275682.9895525,5.379999999999973,-0.8374078856477168
1684275683.0107563,5.399999999999973,-0.8309722450627228
1684275683.0317047,5.419999999999972,-0.8245366044777288
1684275683.0522096,5.439999999999972,-0.8181009638927348
1684275683.0730526,5.4599999999999715,-0.8116653233077408
1684275683.09318,5.479999999999971,-0.8052296827227468
1684275683.1143184,5.499999999999971,-0.7987940421377527
1684275683.135401,5.51999999999997,-0.7923584015527587
1684275683.1567042,5.53999999999997,-0.6767740133797369
1684275683.1773489,5.559999999999969,-0.6623212551623254
1684275683.1986845,5.579999999999969,-0.647868496944914
1684275683.2194471,5.599999999999969,-0.6334157387275026
1684275683.2414403,5.619999999999968,-0.6189629805100911
1684275683.2629325,5.639999999999968,-0.6045102222926797
1684275683.2839735,5.659999999999967,-0.5900574640752683
1684275683.3047473,5.679999999999967,-0.5756047058578568
1684275683.3252795,5.699999999999966,-0.5611519476404454
1684275683.3460474,5.719999999999966,-0.546699189423034
1684275683.3671257,5.739999999999966,-0.5322464312056225
1684275683.3879879,5.759999999999965,-0.5177936729882111
1684275683.4092116,5.779999999999965,-0.5033409147707997
1684275683.4301906,5.799999999999964,-0.48888815655338824
1684275683.4503803,5.819999999999964,-0.4744353983359768
1684275683.4712567,5.839999999999963,-0.4599826401185654
1684275683.4914486,5.859999999999963,-0.44552988190115395
1684275683.5117884,5.879999999999963,-0.4310771236837425
1684275683.532666,5.899999999999962,-0.4166243654663311
1684275683.5538344,5.919999999999962,-0.40217160724891965
1684275683.5742505,5.939999999999961,-0.3877188490315082
1684275683.5949109,5.959999999999961,-0.3732660908140968
1684275683.6151845,5.9799999999999605,-0.35881333259668535
1684275683.636574,5.99999999999996,-0.3443605743792739
1684275683.6580844,6.01999999999996,-0.3299078161618625
1684275683.6787467,6.039999999999959,-0.31545505794445106
1684275683.699812,6.059999999999959,-0.3010022997270396
1684275683.720086,6.079999999999958,-0.2865495415096282
1684275683.7404795,6.099999999999958,-0.27209678329221676
1684275683.7615356,6.1199999999999575,-0.2576440250748053
1684275683.7829022,6.139999999999957,-0.2431912668573939
1684275683.8046057,6.159999999999957,-0.12290121380174462
1684275683.8249433,6.179999999999956,-0.10310588408518845
1684275683.8451436,6.199999999999956,-0.08331055436863227
1684275683.8666234,6.219999999999955,-0.0635152246520761
1684275683.8868976,6.239999999999955,-0.04371989493551992
1684275683.9080257,6.2599999999999545,-0.023924565218963748
1684275683.928351,6.279999999999954,-0.004129235502407576
1684275683.9486532,6.299999999999954,0.015666094214148597
1684275683.970064,6.319999999999953,0.03546142393070477
1684275683.990396,6.339999999999953,0.055256753647260945
1684275684.0112958,6.359999999999952,0.07505208336381712
1684275684.031968,6.379999999999952,0.0948474130803733
1684275684.0525744,6.3999999999999515,0.11464274279692947
1684275684.073035,6.419999999999951,0.13443807251348563
1684275684.0932512,6.439999999999951,0.1542334022300418
1684275684.1142528,6.45999999999995,0.174028731946598
1684275684.1351495,6.47999999999995,0.19382406166315416
1684275684.1555324,6.499999999999949,0.21361939137971034
1684275684.1761105,6.519999999999949,0.23341472109626651
1684275684.1967406,6.5399999999999485,0.25321005081282266
1684275684.2177162,6.559999999999948,0.27300538052937884
1684275684.239056,6.579999999999948,0.292800710245935
1684275684.2597399,6.599999999999947,0.3125960399624912
1684275684.280001,6.619999999999947,0.33239136967904737
1684275684.3012779,6.639999999999946,0.35218669939560354
1684275684.3225067,6.659999999999946,0.3719820291121597
1684275684.3428755,6.6799999999999455,0.3917773588287159
1684275684.3635912,6.699999999999945,0.41157268854527207
1684275684.3838809,6.719999999999945,0.43136801826182825
1684275684.4045453,6.739999999999944,0.4511633479783844
1684275684.4251974,6.759999999999944,0.4709586776949406
1684275684.4459069,6.779999999999943,0.4907540074114968
1684275684.4672427,6.799999999999943,0.510549337128053
1684275684.4880643,6.8199999999999426,0.5303446668446091
1684275684.5088866,6.839999999999942,0.5501399965611653
1684275684.5296466,6.859999999999942,0.5699353262777215
1684275684.5506535,6.879999999999941,0.5897306559942777
1684275684.5714052,6.899999999999941,0.6095259857108338
1684275684.5926347,6.91999999999994,0.62932131542739
1684275684.613747,6.93999999999994,0.6491166451439462
1684275684.63493,6.95999999999994,0.6689119748605024
1684275684.6560595,6.979999999999939,0.6887073045770585
1684275684.6770475,6.999999999999939,0.7085026342936147
1684275684.6982589,7.019999999999938,0.7282979640101709
1684275684.7192016,7.039999999999938,0.7480932937267271
1684275684.7401206,7.059999999999937,0.7678886234432832
1684275684.7605548,7.079999999999937,0.7876839531598394
1684275684.7812111,7.099999999999937,0.8074792828763956
1684275684.802048,7.119999999999936,0.8272746125929518
1684275684.8227208,7.139999999999936,0.8470699423095079
1684275684.8434677,7.159999999999935,0.8668652720260641
1684275684.8641746,7.179999999999935,0.8866606017426203
1684275684.8849516,7.1999999999999345,0.7938249593435964
1684275684.9058201,7.219999999999934,0.8063069982915834
1684275684.9264874,7.239999999999934,0.8187890372395703
1684275684.9473045,7.259999999999933,0.8312710761875572
1684275684.9685466,7.279999999999933,0.8437531151355442
1684275684.9889698,7.299999999999932,0.8562351540835311
1684275685.0098412,7.319999999999932,0.8687171930315181
1684275685.030891,7.3399999999999315,0.881199231979505
1684275685.051778,7.359999999999931,0.8936812709274919
1684275685.0728502,7.379999999999931,0.9061633098754789
1684275685.0936906,7.39999999999993,0.9186453488234658
1684275685.1145704,7.41999999999993,0.9311273877714528
1684275685.1351368,7.439999999999929,0.9436094267194397
1684275685.1561475,7.459999999999929,0.9560914656674266
1684275685.1774473,7.4799999999999285,0.9685735046154136
1684275685.1988642,7.499999999999928,0.9810555435634005
1684275685.219732,7.519999999999928,0.9935375825113875
1684275685.2405922,7.539999999999927,1.0060196214593744
1684275685.263089,7.559999999999927,1.0185016604073613
1684275685.2842867,7.579999999999926,1.0309836993553483
1684275685.3052783,7.599999999999926,1.0434657383033352
1684275685.3259766,7.6199999999999255,1.0559477772513222
1684275685.3474064,7.639999999999925,1.068429816199309
1684275685.3684335,7.659999999999925,1.080911855147296
1684275685.3886206,7.679999999999924,1.093393894095283
1684275685.4092715,7.699999999999924,0.9883654387802329
1684275685.4307833,7.719999999999923,0.991827543488918
1684275685.4509764,7.739999999999923,0.9952896481976031
1684275685.4724212,7.7599999999999225,0.9987517529062883
1684275685.4956605,7.779999999999922,1.0022138576149733
1684275685.5159326,7.799999999999922,1.0056759623236584
1684275685.5365794,7.819999999999921,1.0091380670323435
1684275685.560363,7.839999999999921,1.0126001717410287
1684275685.5812526,7.85999999999992,1.0160622764497138
1684275685.6018374,7.87999999999992,1.019524381158399
1684275685.6226044,7.8999999999999195,1.022986485867084
1684275685.6437414,7.919999999999919,1.0264485905757692
1684275685.664594,7.939999999999919,1.0299106952844543
1684275685.6848576,7.959999999999918,1.0333727999931395
1684275685.7061176,7.979999999999918,1.0368349047018246
1684275685.7271092,7.999999999999917,1.0402970094105097
1684275685.7476747,8.019999999999918,1.0437591141191949
1684275685.7689571,8.039999999999917,1.04722121882788
1684275685.7898376,8.059999999999917,1.0506833235365651
1684275685.8099728,8.079999999999917,1.0541454282452503
1684275685.8309028,8.099999999999916,1.0576075329539354
1684275685.8525934,8.119999999999916,1.0610696376626205
1684275685.873681,8.139999999999915,1.0645317423713057
1684275685.896393,8.159999999999915,0.9537321420496988
1684275685.9166496,8.179999999999914,0.9480894502065094
1684275685.9379928,8.199999999999914,0.9424467583633199
1684275685.9609962,8.219999999999914,0.9368040665201305
1684275685.9816751,8.239999999999913,0.931161374676941
1684275686.0027432,8.259999999999913,0.9255186828337516
1684275686.0229013,8.279999999999912,0.9198759909905622
1684275686.043315,8.299999999999912,0.9142332991473727
1684275686.0638814,8.319999999999911,0.9085906073041833
1684275686.085513,8.339999999999911,0.9029479154609938
1684275686.1082401,8.35999999999991,0.8973052236178044
1684275686.1290486,8.37999999999991,0.891662531774615
1684275686.1514885,8.39999999999991,0.8860198399314255
1684275686.172885,8.41999999999991,0.8803771480882361
1684275686.1935446,8.439999999999909,0.8747344562450466
1684275686.2142031,8.459999999999908,0.8690917644018572
1684275686.2348907,8.479999999999908,0.8634490725586678
1684275686.2561972,8.499999999999908,0.8578063807154783
1684275686.2769837,8.519999999999907,0.8521636888722889
1684275686.2987833,8.539999999999907,0.8465209970290994
1684275686.3200502,8.559999999999906,0.84087830518591
1684275686.340866,8.579999999999906,0.8352356133427206
1684275686.3616102,8.599999999999905,0.8295929214995311
1684275686.382153,8.619999999999905,0.8239502296563417
1684275686.4043214,8.639999999999905,0.7068113019337602
1684275686.4251451,8.659999999999904,0.692945876521437
1684275686.4463506,8.679999999999904,0.6790804511091139
1684275686.4672463,8.699999999999903,0.6652150256967907
1684275686.488356,8.719999999999903,0.6513496002844675
1684275686.508919,8.739999999999903,0.6374841748721444
1684275686.5295491,8.759999999999902,0.6236187494598212
1684275686.5509925,8.779999999999902,0.609753324047498
1684275686.574764,8.799999999999901,0.5958878986351749
1684275686.597543,8.8199999999999,0.5820224732228517
1684275686.6185026,8.8399999999999,0.5681570478105286
1684275686.6397855,8.8599999999999,0.5542916223982054
1684275686.6609566,8.8799999999999,0.5404261969858822
1684275686.6811793,8.899999999999899,0.5265607715735591
1684275686.70219,8.919999999999899,0.5126953461612359
1684275686.7247567,8.939999999999898,0.4988299207489128
1684275686.7463136,8.959999999999898,0.4849644953365897
1684275686.7685013,8.979999999999897,0.4710990699242666
1684275686.7898402,8.999999999999897,0.4572336445119435
1684275686.812653,9.019999999999897,0.4433682190996204
1684275686.8337164,9.039999999999896,0.42950279368729727
1684275686.8561904,9.059999999999896,0.41563736827497416
1684275686.8787134,9.079999999999895,0.40177194286265105
1684275686.9001017,9.099999999999895,0.38790651745032795
1684275686.92099,9.119999999999894,0.37404109203800484
1684275686.941659,9.139999999999894,0.36017566662568173
1684275686.9624834,9.159999999999894,0.3463102412133586
1684275686.983391,9.179999999999893,0.3324448158010355
1684275687.003972,9.199999999999893,0.3185793903887124
1684275687.0246937,9.219999999999892,0.3047139649763893
1684275687.0451145,9.239999999999892,0.1837676417352591
1684275687.0660713,9.259999999999891,0.16418551852965654
1684275687.0873528,9.279999999999891,0.14460339532405397
1684275687.108004,9.29999999999989,0.1250212721184514
1684275687.128175,9.31999999999989,0.10543914891284883
1684275687.1485956,9.33999999999989,0.08585702570724627
1684275687.1697574,9.35999999999989,0.0662749025016437
1684275687.1912105,9.379999999999889,0.046692779296041126
1684275687.2148488,9.399999999999888,0.02711065609043856
1684275687.236994,9.419999999999888,0.007528532884835994
1684275687.2577708,9.439999999999888,-0.012053590320766572
1684275687.2848723,9.459999999999887,-0.03163571352636914
1684275687.3052368,9.479999999999887,-0.05121783673197171
1684275687.3259065,9.499999999999886,-0.07079995993757428
1684275687.34746,9.519999999999886,-0.09038208314317685
1684275687.3679204,9.539999999999885,-0.10996420634877942
1684275687.3886683,9.559999999999885,-0.12954632955438197
1684275687.409063,9.579999999999885,-0.14912845275998454
1684275687.429731,9.599999999999884,-0.1687105759655871
1684275687.4501345,9.619999999999884,-0.18829269917118968
1684275687.4707549,9.639999999999883,-0.20787482237679225
1684275687.491573,9.659999999999883,-0.22745694558239482
1684275687.5126824,9.679999999999882,-0.2470390687879974
1684275687.5332737,9.699999999999882,-0.26662119199359996
1684275687.5535219,9.719999999999882,-0.2862033151992025
1684275687.5745852,9.739999999999881,-0.30578543840480504
1684275687.5949702,9.75999999999988,-0.3253675616104076
1684275687.616244,9.77999999999988,-0.3449496848160101
1684275687.6374629,9.79999999999988,-0.36453180802161267
1684275687.6580586,9.81999999999988,-0.3841139312272152
1684275687.6783555,9.839999999999879,-0.40369605443281775
1684275687.6995707,9.859999999999879,-0.4232781776384203
1684275687.7198868,9.879999999999878,-0.44286030084402284
1684275687.7401814,9.899999999999878,-0.4624424240496254
1684275687.7606943,9.919999999999877,-0.4820245472552279
1684275687.7818012,9.939999999999877,-0.5016066704608305
1684275687.8019414,9.959999999999877,-0.5211887936664331
1684275687.8226483,9.979999999999876,-0.5407709168720357
1684275687.8434691,9.999999999999876,-0.5603530400776383
1684275687.8637712,10.019999999999875,-0.5799351632832409
1684275687.88465,10.039999999999875,-0.5995172864888435
1684275687.9054785,10.059999999999874,-0.6190994096944461
1684275687.9257061,10.079999999999874,-0.6386815329000487
1684275687.9471457,10.099999999999874,-0.6582636561056513
1684275687.9686968,10.119999999999873,-0.6778457793112539
1684275687.9893386,10.139999999999873,-0.6974279025168565
1684275688.0106401,10.159999999999872,-0.7170100257224591
1684275688.0309372,10.179999999999872,-0.7365921489280617
1684275688.0521843,10.199999999999871,-0.7561742721336643
1684275688.0726798,10.219999999999871,-0.7757563953392669
1684275688.093527,10.23999999999987,-0.7953385185448695
1684275688.1158338,10.25999999999987,-0.8149206417504721
1684275688.1360862,10.27999999999987,-0.8345027649560747
1684275688.1566076,10.29999999999987,-0.8540848881616773
1684275688.180254,10.319999999999869,-0.8736670113672799
1684275688.202001,10.339999999999868,-0.8932491345728825
1684275688.2223527,10.359999999999868,-0.8048902563749444
1684275688.2432635,10.379999999999868,-0.8170825479832489
1684275688.264879,10.399999999999867,-0.8292748395915533
1684275688.2904718,10.419999999999867,-0.8414671311998578
1684275688.3106723,10.439999999999866,-0.8536594228081623
1684275688.3339806,10.459999999999866,-0.8658517144164668
1684275688.3574061,10.479999999999865,-0.8780440060247713
1684275688.3780973,10.499999999999865,-0.8902362976330758
1684275688.4001288,10.519999999999865,-0.9024285892413803
1684275688.4212987,10.539999999999864,-0.9146208808496847
1684275688.4449182,10.559999999999864,-0.9268131724579892
1684275688.4665284,10.579999999999863,-0.9390054640662937
1684275688.488412,10.599999999999863,-0.9511977556745982
1684275688.5086682,10.619999999999862,-0.9633900472829027
1684275688.5302026,10.639999999999862,-0.9755823388912072
1684275688.5508356,10.659999999999862,-0.9877746304995116
1684275688.5731595,10.679999999999861,-0.9999669221078161
1684275688.5978274,10.69999999999986,-1.0121592137161206
1684275688.6181936,10.71999999999986,-1.024351505324425
1684275688.6399436,10.73999999999986,-1.0365437969327294
1684275688.6621444,10.75999999999986,-1.0487360885410337
1684275688.6836283,10.779999999999859,-1.060928380149338
1684275688.7050366,10.799999999999859,-1.0731206717576425
1684275688.7259161,10.819999999999858,-1.0853129633659468
1684275688.7481742,10.839999999999858,-0.9881198608888316
1684275688.7697132,10.859999999999857,-0.9916133333899754
1684275688.7918918,10.879999999999857,-0.9951068058911191
1684275688.8144665,10.899999999999856,-0.9986002783922628
1684275688.8381,10.919999999999856,-1.0020937508934065
1684275688.861355,10.939999999999856,-1.0055872233945502
1684275688.8824914,10.959999999999855,-1.009080695895694
1684275688.9028351,10.979999999999855,-1.0125741683968377
1684275688.9240897,10.999999999999854,-1.0160676408979814
1684275688.9447842,11.019999999999854,-1.0195611133991251
1684275688.965355,11.039999999999853,-1.0230545859002689
1684275688.9872432,11.059999999999853,-1.0265480584014126
1684275689.0079355,11.079999999999853,-1.0300415309025563
1684275689.0295105,11.099999999999852,-1.0335350034037
1684275689.0507004,11.119999999999852,-1.0370284759048438
1684275689.0724387,11.139999999999851,-1.0405219484059876
1684275689.0937915,11.159999999999851,-1.0440154209071313
1684275689.1143515,11.17999999999985,-1.047508893408275
1684275689.134953,11.19999999999985,-1.0510023659094188
1684275689.1557577,11.21999999999985,-1.0544958384105625
1684275689.17646,11.23999999999985,-1.0579893109117062
1684275689.196813,11.259999999999849,-1.06148278341285
1684275689.2174168,11.279999999999848,-1.0649762559139937
1684275689.2380552,11.299999999999848,-0.9542108339610971
1684275689.26269,11.319999999999848,-0.9485987082969236
1684275689.2841003,11.339999999999847,-0.9429865826327501
1684275689.3064415,11.359999999999847,-0.9373744569685767
1684275689.3275251,11.379999999999846,-0.9317623313044032
1684275689.3483326,11.399999999999846,-0.9261502056402298
1684275689.3684795,11.419999999999845,-0.9205380799760563
1684275689.3891773,11.439999999999845,-0.9149259543118828
1684275689.4103887,11.459999999999845,-0.9093138286477094
1684275689.4319427,11.479999999999844,-0.9037017029835359
1684275689.4527555,11.499999999999844,-0.8980895773193625
1684275689.4747522,11.519999999999843,-0.892477451655189
1684275689.4982147,11.539999999999843,-0.8868653259910155
1684275689.5185833,11.559999999999842,-0.8812532003268421
1684275689.5395129,11.579999999999842,-0.8756410746626686
1684275689.5601094,11.599999999999842,-0.8700289489984951
1684275689.5802836,11.619999999999841,-0.8644168233343217
1684275689.6008055,11.63999999999984,-0.8588046976701482
1684275689.6227791,11.65999999999984,-0.8531925720059748
1684275689.6460872,11.67999999999984,-0.8475804463418013
1684275689.6672857,11.69999999999984,-0.8419683206776278
1684275689.6891582,11.719999999999839,-0.8363561950134544
1684275689.709975,11.739999999999839,-0.8307440693492809
1684275689.730636,11.759999999999838,-0.8251319436851074
1684275689.7535806,11.779999999999838,-0.707937501773395
